Time	S	I	R
0.000000	0.999000	0.001000	0.000000
0.090000	0.998847	0.001051	0.000102
0.190000	0.998686	0.001105	0.000210
0.290000	0.998517	0.001161	0.000323
0.390000	0.998339	0.001220	0.000441
0.490000	0.998152	0.001282	0.000566
0.590000	0.997956	0.001347	0.000697
0.690000	0.997749	0.001415	0.000835
0.790000	0.997533	0.001487	0.000980
0.890000	0.997305	0.001563	0.001132
0.990000	0.997066	0.001642	0.001292
1.090000	0.996815	0.001725	0.001460
1.190000	0.996551	0.001813	0.001636
1.290000	0.996274	0.001904	0.001821
1.390000	0.995983	0.002000	0.002016
1.490000	0.995678	0.002102	0.002221
1.590000	0.995357	0.002208	0.002436
1.690000	0.995020	0.002319	0.002661
1.790000	0.994666	0.002435	0.002898
1.890000	0.994295	0.002558	0.003147
1.990000	0.993905	0.002686	0.003409
2.090000	0.993495	0.002821	0.003683
2.190000	0.993066	0.002962	0.003972
2.290000	0.992615	0.003111	0.004275
2.390000	0.992141	0.003266	0.004593
2.490000	0.991645	0.003429	0.004927
2.590000	0.991123	0.003600	0.005277
2.690000	0.990576	0.003778	0.005645
2.790000	0.990003	0.003966	0.006031
2.890000	0.989401	0.004162	0.006437
2.990000	0.988770	0.004368	0.006862
3.090000	0.988108	0.004584	0.007308
3.190000	0.987414	0.004809	0.007777
3.290000	0.986686	0.005046	0.008268
3.390000	0.985923	0.005293	0.008784
3.490000	0.985124	0.005551	0.009325
3.590000	0.984286	0.005822	0.009892
3.690000	0.983408	0.006105	0.010487
3.790000	0.982488	0.006401	0.011111
3.890000	0.981525	0.006710	0.011765
3.990000	0.980516	0.007034	0.012450
4.090000	0.979460	0.007371	0.013168
4.190000	0.978354	0.007724	0.013921
4.290000	0.977197	0.008092	0.014710
4.390000	0.975987	0.008477	0.015537
4.490000	0.974720	0.008877	0.016402
4.590000	0.973396	0.009296	0.017309
4.690000	0.972011	0.009731	0.018258
4.790000	0.970564	0.010185	0.019251
4.890000	0.969051	0.010658	0.020291
4.990000	0.967471	0.011150	0.021378
5.090000	0.965821	0.011663	0.022516
5.190000	0.964098	0.012195	0.023706
5.290000	0.962301	0.012749	0.024951
5.390000	0.960425	0.013324	0.026251
5.490000	0.958469	0.013921	0.027610
5.590000	0.956429	0.014540	0.029030
5.690000	0.954304	0.015183	0.030513
5.790000	0.952091	0.015848	0.032061
5.890000	0.949786	0.016538	0.033677
5.990000	0.947387	0.017251	0.035362
6.090000	0.944892	0.017988	0.037120
6.190000	0.942297	0.018750	0.038953
6.290000	0.939601	0.019536	0.040863
6.390000	0.936800	0.020347	0.042853
6.490000	0.933892	0.021182	0.044925
6.590000	0.930875	0.022043	0.047082
6.690000	0.927747	0.022927	0.049326
6.790000	0.924505	0.023836	0.051659
6.890000	0.921147	0.024768	0.054085
6.990000	0.917672	0.025724	0.056604
7.090000	0.914077	0.026703	0.059221
7.190000	0.910361	0.027704	0.061936
7.290000	0.906522	0.028726	0.064752
7.390000	0.902560	0.029768	0.067671
7.490000	0.898474	0.030830	0.070696
7.590000	0.894263	0.031910	0.073827
7.690000	0.889926	0.033007	0.077067
7.790000	0.885463	0.034119	0.080418
7.890000	0.880875	0.035244	0.083880
7.990000	0.876162	0.036382	0.087456
8.090000	0.871325	0.037529	0.091146
8.190000	0.866365	0.038685	0.094951
8.290000	0.861283	0.039846	0.098871
8.390000	0.856082	0.041010	0.102908
8.490000	0.850763	0.042175	0.107062
8.590000	0.845330	0.043338	0.111331
8.690000	0.839785	0.044497	0.115718
8.790000	0.834132	0.045649	0.120219
8.890000	0.828374	0.046791	0.124836
8.990000	0.822515	0.047919	0.129566
9.090000	0.816560	0.049032	0.134408
9.190000	0.810514	0.050125	0.139360
9.290000	0.804383	0.051196	0.144421
9.390000	0.798170	0.052242	0.149588
9.490000	0.791883	0.053259	0.154858
9.590000	0.785526	0.054245	0.160229
9.690000	0.779108	0.055196	0.165696
9.790000	0.772633	0.056109	0.171257
9.890000	0.766109	0.056983	0.176908
9.990000	0.759543	0.057813	0.182644
10.090000	0.752942	0.058597	0.188461
10.190000	0.746312	0.059333	0.194354
10.290000	0.739662	0.060019	0.200319
10.390000	0.732998	0.060652	0.206350
10.490000	0.726328	0.061231	0.212441
10.590000	0.719658	0.061753	0.218589
10.690000	0.712997	0.062218	0.224785
10.790000	0.706350	0.062624	0.231026
10.890000	0.699726	0.062969	0.237304
10.990000	0.693131	0.063254	0.243615
11.090000	0.686572	0.063478	0.249950
11.190000	0.680055	0.063639	0.256306
11.290000	0.673586	0.063739	0.262675
11.390000	0.667171	0.063778	0.269051
11.490000	0.660816	0.063755	0.275428
11.590000	0.654527	0.063672	0.281801
11.690000	0.648308	0.063530	0.288162
11.790000	0.642165	0.063329	0.294506
11.890000	0.636102	0.063070	0.300828
11.990000	0.630122	0.062756	0.307121
12.090000	0.624231	0.062388	0.313381
12.190000	0.618431	0.061968	0.319601
12.290000	0.612725	0.061497	0.325777
12.390000	0.607118	0.060978	0.331904
12.490000	0.601610	0.060413	0.337977
12.590000	0.596205	0.059804	0.343991
12.690000	0.590903	0.059154	0.349943
12.790000	0.585708	0.058465	0.355827
12.890000	0.580620	0.057739	0.361641
12.990000	0.575640	0.056978	0.367381
13.090000	0.570770	0.056187	0.373044
13.190000	0.566009	0.055366	0.378626
13.290000	0.561358	0.054518	0.384124
13.390000	0.556816	0.053646	0.389537
13.490000	0.552385	0.052753	0.394862
13.590000	0.548063	0.051841	0.400096
13.690000	0.543850	0.050911	0.405238
13.790000	0.539746	0.049967	0.410287
13.890000	0.535749	0.049011	0.415241
13.990000	0.531858	0.048044	0.420099
14.090000	0.528072	0.047069	0.424859
14.190000	0.524390	0.046088	0.429522
14.290000	0.520811	0.045103	0.434086
14.390000	0.517332	0.044115	0.438552
14.490000	0.513954	0.043127	0.442919
14.590000	0.510672	0.042140	0.447188
14.690000	0.507487	0.041155	0.451357
14.790000	0.504397	0.040175	0.455429
14.890000	0.501398	0.039199	0.459402
14.990000	0.498491	0.038231	0.463278
15.090000	0.495672	0.037270	0.467058
15.190000	0.492939	0.036318	0.470742
15.290000	0.490292	0.035377	0.474332
15.390000	0.487727	0.034446	0.477827
15.490000	0.485243	0.033527	0.481231
15.590000	0.482838	0.032620	0.484542
15.690000	0.480509	0.031727	0.487764
15.790000	0.478256	0.030847	0.490897
15.890000	0.476076	0.029982	0.493943
15.990000	0.473966	0.029131	0.496902
16.090000	0.471926	0.028296	0.499778
16.190000	0.469953	0.027477	0.502570
16.290000	0.468045	0.026673	0.505282
16.390000	0.466201	0.025886	0.507914
16.490000	0.464418	0.025115	0.510467
16.590000	0.462695	0.024360	0.512945
16.690000	0.461030	0.023623	0.515347
16.790000	0.459422	0.022901	0.517677
16.890000	0.457868	0.022197	0.519935
16.990000	0.456367	0.021509	0.522124
17.090000	0.454917	0.020838	0.524245
17.190000	0.453517	0.020184	0.526299
17.290000	0.452166	0.019546	0.528288
17.390000	0.450861	0.018924	0.530215
17.490000	0.449601	0.018319	0.532080
17.590000	0.448385	0.017730	0.533885
17.690000	0.447211	0.017156	0.535632
17.790000	0.446079	0.016599	0.537323
17.890000	0.444986	0.016056	0.538958
17.990000	0.443931	0.015529	0.540540
18.090000	0.442913	0.015017	0.542070
18.190000	0.441932	0.014520	0.543549
18.290000	0.440984	0.014037	0.544979
18.390000	0.440071	0.013568	0.546361
18.490000	0.439190	0.013113	0.547698
18.590000	0.438340	0.012671	0.548989
18.690000	0.437520	0.012243	0.550237
18.790000	0.436729	0.011828	0.551442
18.890000	0.435967	0.011426	0.552607
18.990000	0.435232	0.011036	0.553732
19.090000	0.434523	0.010659	0.554818
19.190000	0.433840	0.010293	0.555868
19.290000	0.433181	0.009938	0.556881
19.390000	0.432546	0.009595	0.557859
19.490000	0.431933	0.009263	0.558804
19.590000	0.431343	0.008942	0.559715
19.690000	0.430774	0.008631	0.560596
19.790000	0.430225	0.008330	0.561445
19.890000	0.429696	0.008039	0.562265
19.990000	0.429187	0.007757	0.563056
20.090000	0.428695	0.007485	0.563819
20.190000	0.428222	0.007222	0.564556
20.290000	0.427766	0.006968	0.565267
20.390000	0.427326	0.006722	0.565952
20.490000	0.426902	0.006484	0.566614
20.590000	0.426494	0.006254	0.567252
20.690000	0.426100	0.006033	0.567867
20.790000	0.425721	0.005818	0.568461
20.890000	0.425356	0.005611	0.569033
20.990000	0.425004	0.005411	0.569585
21.090000	0.424664	0.005218	0.570118
21.190000	0.424337	0.005032	0.570631
21.290000	0.424022	0.004852	0.571126
21.390000	0.423719	0.004678	0.571603
21.490000	0.423427	0.004510	0.572063
21.590000	0.423145	0.004348	0.572507
21.690000	0.422873	0.004192	0.572935
21.790000	0.422612	0.004041	0.573347
21.890000	0.422360	0.003895	0.573745
21.990000	0.422117	0.003755	0.574128
22.090000	0.421884	0.003619	0.574497
22.190000	0.421658	0.003489	0.574853
22.290000	0.421441	0.003362	0.575196
22.390000	0.421232	0.003241	0.575527
22.490000	0.421031	0.003123	0.575846
22.590000	0.420837	0.003010	0.576153
22.690000	0.420650	0.002901	0.576449
22.790000	0.420470	0.002796	0.576734
22.890000	0.420297	0.002694	0.577009
22.990000	0.420130	0.002596	0.577274
23.090000	0.419969	0.002502	0.577530
23.190000	0.419814	0.002410	0.577776
23.290000	0.419665	0.002323	0.578013
23.390000	0.419521	0.002238	0.578241
23.490000	0.419382	0.002156	0.578461
23.590000	0.419249	0.002078	0.578673
23.690000	0.419120	0.002002	0.578878
23.790000	0.418997	0.001929	0.579075
23.890000	0.418878	0.001858	0.579264
23.990000	0.418763	0.001790	0.579447
24.090000	0.418652	0.001725	0.579623
24.190000	0.418546	0.001662	0.579793
24.290000	0.418443	0.001601	0.579956
24.390000	0.418344	0.001542	0.580113
24.490000	0.418249	0.001486	0.580265
24.590000	0.418157	0.001431	0.580411
24.690000	0.418069	0.001379	0.580552
24.790000	0.417984	0.001328	0.580688
24.890000	0.417902	0.001280	0.580818
24.990000	0.417823	0.001233	0.580944
25.090000	0.417747	0.001187	0.581065
25.190000	0.417674	0.001144	0.581182
25.290000	0.417604	0.001102	0.581294
25.390000	0.417536	0.001061	0.581403
25.490000	0.417471	0.001022	0.581507
25.590000	0.417408	0.000985	0.581608
25.690000	0.417347	0.000948	0.581705
25.790000	0.417289	0.000914	0.581798
25.890000	0.417232	0.000880	0.581888
25.990000	0.417178	0.000848	0.581974
26.090000	0.417126	0.000816	0.582058
26.190000	0.417076	0.000786	0.582138
26.290000	0.417028	0.000757	0.582215
26.390000	0.416981	0.000729	0.582290
26.490000	0.416936	0.000703	0.582361
26.590000	0.416893	0.000677	0.582430
26.690000	0.416851	0.000652	0.582497
26.790000	0.416811	0.000628	0.582561
26.890000	0.416773	0.000605	0.582623
26.990000	0.416735	0.000582	0.582682
27.090000	0.416700	0.000561	0.582739
27.190000	0.416665	0.000540	0.582795
27.290000	0.416632	0.000520	0.582848
27.390000	0.416600	0.000501	0.582899
27.490000	0.416569	0.000483	0.582948
27.590000	0.416540	0.000465	0.582996
27.690000	0.416511	0.000448	0.583041
27.790000	0.416483	0.000431	0.583085
27.890000	0.416457	0.000415	0.583128
27.990000	0.416431	0.000400	0.583169
28.090000	0.416407	0.000385	0.583208
28.190000	0.416383	0.000371	0.583246
28.290000	0.416360	0.000357	0.583282
28.390000	0.416339	0.000344	0.583317
28.490000	0.416317	0.000331	0.583351
28.590000	0.416297	0.000319	0.583384
28.690000	0.416277	0.000307	0.583415
28.790000	0.416259	0.000296	0.583445
28.890000	0.416240	0.000285	0.583475
28.990000	0.416223	0.000275	0.583503
29.090000	0.416206	0.000264	0.583530
29.190000	0.416190	0.000255	0.583556
29.290000	0.416174	0.000245	0.583581
29.390000	0.416159	0.000236	0.583605
29.490000	0.416145	0.000227	0.583628
29.590000	0.416131	0.000219	0.583650
29.690000	0.416117	0.000211	0.583672
29.790000	0.416104	0.000203	0.583693
29.890000	0.416092	0.000196	0.583713
29.990000	0.416080	0.000188	0.583732
